11
226
167
80
299
305
18
86
164
108
11
323
91
205
313
26
240
324
58
108
11
244
243
261
251
320
137
298
183
108
11
286
93
164
226
93
123
115
31
108
11
243
106
196
166
155
318
161
29
108
11
304
319
123
55
324
168
161
110
108
11
57
56
33
149
10
49
226
42
108
11
95
59
293
86
313
165
317
290
108
11
27
77
70
243
207
288
160
17
108
11
321
257
315
77
29
314
134
293
108
11
156
291
307
313
29
56
245
322
108
11
37
60
227
299
58
244
291
63
108
11
315
303
321
32
323
227
40
315
108
11
34
314
165
320
319
134
88
312
108
11
63
168
226
294
244
86
115
91
108
11
162
32
318
95
207
159
124
299
108
11
170
240
25
166
86
314
130
307
108
11
50
116
63
49
171
30
162
2
108
11
164
318
308
322
300
171
30
243
108
11
145
165
291
317
103
70
28
104
108
11
111
123
185
53
18
311
14
19
108
11
320
294
110
308
243
171
292
134
108
11
19
295
22
104
306
91
110
316
108
11
222
62
49
316
170
196
316
165
108
11
53
37
226
171
86
258
244
243
108
11
312
117
227
25
137
63
144
258
108
11
324
319
18
82
219
218
317
223
108
11
85
291
305
149
34
66
201
110
108
11
293
22
22
183
80
18
258
314
108
11
218
70
17
27
130
24
55
70
108
11
289
60
63
104
286
31
69
53
108
11
145
108
17
17
116
63
300
76
108
11
230
226
10
311
123
66
312
167
108
11
293
162
316
297
319
31
292
158
108
11
311
291
51
164
158
104
287
145
108
11
116
31
117
288
295
60
296
170
108
11
49
286
34
217
17
57
297
33
108
11
28
291
171
226
297
299
159
63
108
11
137
287
251
10
227
227
106
108
108
11
32
145
106
304
18
311
2
196
108
11
296
218
226
223
59
160
219
78
108
11
36
321
25
26
108
104
306
313
108
11
85
164
10
297
27
88
167
49
108
11
296
144
308
207
77
27
305
168
108
11
103
159
70
291
305
108
78
245
108
11
302
240
66
31
29
95
261
245
108
11
62
219
185
63
156
40
145
77
108
11
80
317
60
86
319
28
278
218
108
11
22
164
318
185
1
293
77
49
108
11
93
286
144
223
50
80
289
201
108