6
2
1
59
11
236
14
58
7
355
6
2
1
59
11
31
412
61
11
30
6
2
1
59
11
40
5
93
213
58
6
2
1
59
11
40
5
93
213
58
6
2
1
59
11
235
53
8
76
361
6
2
1
59
11
366
412
19
218
93
6
2
1
59
11
414
413
13
230
27
6
2
1
59
11
0
425
6
3
12
6
2
1
59
11
230
87
22
280
328
6
2
1
59
11
0
233
228
257
77
6
2
1
59
11
40
5
93
213
58
6
2
1
59
11
40
5
93
213
58
6
2
1
59
11
40
5
93
213
58
6
2
1
59
11
40
5
93
213
58
6
2
1
59
11
40
5
93
213
58
6
2
1
59
11
40
5
93
213
58
6
2
1
59
11
258
233
364
177
1
6
2
1
59
11
40
5
93
213
58
6
2
1
59
11
40
5
93
213
58
6
2
1
59
11
40
5
93
213
58
6
2
1
59
11
3
55
16
213
229
6
2
1
59
11
40
5
93
213
58
6
2
1
59
11
70
50
14
62
230
6
2
1
59
11
40
5
93
213
58
6
2
1
59
11
213
20
235
159
343
6
2
1
59
11
40
5
93
213
58
6
2
1
59
11
40
5
93
213
58
6
2
1
59
11
40
5
93
213
58
6
2
1
59
11
40
5
93
213
58
6
2
1
59
11
40
5
93
213
58
6
2
1
59
11
40
5
93
213
58
6
2
1
59
11
40
5
93
213
58
6
2
1
59
11
40
5
93
213
58
6
2
1
59
11
241
71
49
218
227
6
2
1
59
11
242
59
367
236
218
6
2
1
59
11
40
5
93
213
58
6
2
1
59
11
201
269
214
3
8
6
2
1
59
11
366
245
8
10
77
6
2
1
59
11
40
5
93
213
58
6
2
1
59
11
71
5
0
213
238
6
2
1
59
11
40
5
93
213
58
6
2
1
59
11
71
242
40
211
229
6
2
1
59
11
40
5
93
213
58
6
2
1
59
11
230
413
3
347
369
6
2
1
59
11
40
5
93
213
58
6
2
1
59
11
58
213
366
13
21
6
2
1
59
11
489
202
34
9
233
6
2
1
59
11
40
5
93
213
58
6
2
1
59
11
23
433
20
202
214
6
2
1
59
11
40
5
93
213
58