37
39
142
192
67
187
76
702
9
851
37
39
142
192
67
143
159
249
196
115
37
39
142
192
67
45
579
248
45
90
37
39
142
192
67
866
240
340
296
233
37
39
142
192
67
507
51
507
257
68
37
39
142
192
67
247
135
146
98
248
37
39
142
192
67
230
155
741
488
117
37
39
142
192
67
247
135
146
98
248
37
39
142
192
67
247
135
146
98
248
37
39
142
192
67
247
135
146
98
248
37
39
142
192
67
270
384
246
633
805
37
39
142
192
67
135
469
507
153
153
37
39
142
192
67
298
384
633
57
627
37
39
142
192
67
247
135
146
98
248
37
39
142
192
67
247
135
146
98
248
37
39
142
192
67
247
135
146
98
248
37
39
142
192
67
247
135
146
98
248
37
39
142
192
67
247
135
146
98
248
37
39
142
192
67
141
51
5
142
234
37
39
142
192
67
48
267
375
297
210
37
39
142
192
67
247
135
146
98
248
37
39
142
192
67
247
135
146
98
248
37
39
142
192
67
247
135
146
98
248
37
39
142
192
67
247
135
146
98
248
37
39
142
192
67
592
603
228
244
119
37
39
142
192
67
100
568
345
230
160
37
39
142
192
67
204
276
372
300
360
37
39
142
192
67
247
135
146
98
248
37
39
142
192
67
247
135
146
98
248
37
39
142
192
67
247
135
146
98
248
37
39
142
192
67
149
301
455
582
614
37
39
142
192
67
191
514
702
116
617
37
39
142
192
67
247
135
146
98
248
37
39
142
192
67
247
135
146
98
248
37
39
142
192
67
198
10
252
41
797
37
39
142
192
67
461
339
200
60
604
37
39
142
192
67
247
135
146
98
248
37
39
142
192
67
339
26
150
210
514
37
39
142
192
67
247
135
146
98
248
37
39
142
192
67
247
135
146
98
248
37
39
142
192
67
573
159
741
42
417
37
39
142
192
67
688
371
507
189
160
37
39
142
192
67
670
183
278
310
206
37
39
142
192
67
339
179
59
273
714
37
39
142
192
67
247
135
146
98
248
37
39
142
192
67
247
135
146
98
248
37
39
142
192
67
45
284
608
300
832
37
39
142
192
67
247
135
146
98
248
37
39
142
192
67
280
323
252
488
340
37
39
142
192
67
247
135
146
98
248