715
576
688
220
184
2046
1869
1515
81
809
1310
608
1254
605
1889
319
679
1319
577
399
5516
6031
1624
1084
4612
1101
1141
2206
3357
854
2306
5001
3291
3566
198
2986
2101
7471
5272
3717
715
576
688
220
184
2046
1869
1515
81
809
1310
608
1254
605
1889
319
679
1319
577
399
6217
2929
3339
8822
610
2865
3933
385
6422
5326
4100
2311
7229
5469
2877
1314
3382
3062
2877
2531
715
576
688
220
184
2046
1869
1515
81
809
1310
608
1254
605
1889
319
679
1319
577
399
705
75
318
1523
2102
1368
1091
2621
203
725
2061
810
1130
314
105
614
1940
1237
1369
1009
715
576
688
220
184
2046
1869
1515
81
809
1310
608
1254
605
1889
319
679
1319
577
399
5433
4022
3523
571
7586
2671
905
3016
1992
7507
1677
5465
1912
6195
2974
2593
343
3674
2265
239
715
576
688
220
184
2046
1869
1515
81
809
1310
608
1254
605
1889
319
679
1319
577
399
705
75
318
1523
2102
1368
1091
2621
203
725
2061
810
1130
314
105
614
1940
1237
1369
1009
715
576
688
220
184
2046
1869
1515
81
809
1310
608
1254
605
1889
319
679
1319
577
399
2849
7121
3114
1571
4406
4087
5270
1228
1747
1966
1999
224
2976
3342
271
3661
3504
5381
882
5568
715
576
688
220
184
2046
1869
1515
81
809
1310
608
1254
605
1889
319
679
1319
577
399
705
75
318
1523
2102
1368
1091
2621
203
725
2061
810
1130
314
105
614
1940
1237
1369
1009
715
576
688
220
184
2046
1869
1515
81
809
1310
608
1254
605
1889
319
679
1319
577
399
705
75
318
1523
2102
1368
1091
2621
203
725
2061
810
1130
314
105
614
1940
1237
1369
1009
715
576
688
220
184
2046
1869
1515
81
809
1310
608
1254
605
1889
319
679
1319
577
399
705
75
318
1523
2102
1368
1091
2621
203
725
2061
810
1130
314
105
614
1940
1237
1369
1009
715
576
688
220
184
2046
1869
1515
81
809
1310
608
1254
605
1889
319
679
1319
577
399
705
75
318
1523
2102
1368
1091
2621
203
725
2061
810
1130
314
105
614
1940
1237
1369
1009
715
576
688
220
184
2046
1869
1515
81
809
1310
608
1254
605
1889
319
679
1319
577
399
705
75
318
1523
2102
1368
1091
2621
203
725
2061
810
1130
314
105
614
1940
1237
1369
1009
715
576
688
220
184
2046
1869
1515
81
809
1310
608
1254
605
1889
319
679
1319
577
399
705
75
318
1523
2102
1368
1091
2621
203
725
2061
810
1130
314
105
614
1940
1237
1369
1009
715
576
688
220
184
2046
1869
1515
81
809
1310
608
1254
605
1889
319
679
1319
577
399
705
75
318
1523
2102
1368
1091
2621
203
725
2061
810
1130
314
105
614
1940
1237
1369
1009
715
576
688
220
184
2046
1869
1515
81
809
1310
608
1254
605
1889
319
679
1319
577
399
3035
3157
3369
23
693
2731
7289
7340
528
2831
5133
6489
1575
3118
326
2073
1114
5296
1704
409
715
576
688
220
184
2046
1869
1515
81
809
1310
608
1254
605
1889
319
679
1319
577
399
705
75
318
1523
2102
1368
1091
2621
203
725
2061
810
1130
314
105
614
1940
1237
1369
1009
715
576
688
220
184
2046
1869
1515
81
809
1310
608
1254
605
1889
319
679
1319
577
399
3210
4452
3186
1391
2813
7248
6059
2683
831
1246
7900
3242
4430
4729
1723
1750
2339
1547
2044
3617
715
576
688
220
184
2046
1869
1515
81
809
1310
608
1254
605
1889
319
679
1319
577
399
705
75
318
1523
2102
1368
1091
2621
203
725
2061
810
1130
314
105
614
1940
1237
1369
1009
715
576
688
220
184
2046
1869
1515
81
809
1310
608
1254
605
1889
319
679
1319
577
399
705
75
318
1523
2102
1368
1091
2621
203
725
2061
810
1130
314
105
614
1940
1237
1369
1009
715
576
688
220
184
2046
1869
1515
81
809
1310
608
1254
605
1889
319
679
1319
577
399
696
7840
3522
4221
4286
4179
3737
3014
5425
5241
6120
659
216
3391
6915
5460
3115
44
653
81
715
576
688
220
184
2046
1869
1515
81
809
1310
608
1254
605
1889
319
679
1319
577
399
705
75
318
1523
2102
1368
1091
2621
203
725
2061
810
1130
314
105
614
1940
1237
1369
1009
715
576
688
220
184
2046
1869
1515
81
809
1310
608
1254
605
1889
319
679
1319
577
399
5468
6136
3470
3039
849
9955
415
2753
1421
92
6002
2251
3225
7380
3707
1720
3655
263
1353
2857
715
576
688
220
184
2046
1869
1515
81
809
1310
608
1254
605
1889
319
679
1319
577
399
705
75
318
1523
2102
1368
1091
2621
203
725
2061
810
1130
314
105
614
1940
1237
1369
1009
715
576
688
220
184
2046
1869
1515
81
809
1310
608
1254
605
1889
319
679
1319
577
399
705
75
318
1523
2102
1368
1091
2621
203
725
2061
810
1130
314
105
614
1940
1237
1369
1009
715
576
688
220
184
2046
1869
1515
81
809
1310
608
1254
605
1889
319
679
1319
577
399
705
75
318
1523
2102
1368
1091
2621
203
725
2061
810
1130
314
105
614
1940
1237
1369
1009
715
576
688
220
184
2046
1869
1515
81
809
1310
608
1254
605
1889
319
679
1319
577
399
705
75
318
1523
2102
1368
1091
2621
203
725
2061
810
1130
314
105
614
1940
1237
1369
1009
715
576
688
220
184
2046
1869
1515
81
809
1310
608
1254
605
1889
319
679
1319
577
399
705
75
318
1523
2102
1368
1091
2621
203
725
2061
810
1130
314
105
614
1940
1237
1369
1009
715
576
688
220
184
2046
1869
1515
81
809
1310
608
1254
605
1889
319
679
1319
577
399
705
75
318
1523
2102
1368
1091
2621
203
725
2061
810
1130
314
105
614
1940
1237
1369
1009
715
576
688
220
184
2046
1869
1515
81
809
1310
608
1254
605
1889
319
679
1319
577
399
705
75
318
1523
2102
1368
1091
2621
203
725
2061
810
1130
314
105
614
1940
1237
1369
1009
715
576
688
220
184
2046
1869
1515
81
809
1310
608
1254
605
1889
319
679
1319
577
399
705
75
318
1523
2102
1368
1091
2621
203
725
2061
810
1130
314
105
614
1940
1237
1369
1009
715
576
688
220
184
2046
1869
1515
81
809
1310
608
1254
605
1889
319
679
1319
577
399
705
75
318
1523
2102
1368
1091
2621
203
725
2061
810
1130
314
105
614
1940
1237
1369
1009
715
576
688
220
184
2046
1869
1515
81
809
1310
608
1254
605
1889
319
679
1319
577
399
705
75
318
1523
2102
1368
1091
2621
203
725
2061
810
1130
314
105
614
1940
1237
1369
1009
715
576
688
220
184
2046
1869
1515
81
809
1310
608
1254
605
1889
319
679
1319
577
399
705
75
318
1523
2102
1368
1091
2621
203
725
2061
810
1130
314
105
614
1940
1237
1369
1009
715
576
688
220
184
2046
1869
1515
81
809
1310
608
1254
605
1889
319
679
1319
577
399
705
75
318
1523
2102
1368
1091
2621
203
725
2061
810
1130
314
105
614
1940
1237
1369
1009
715
576
688
220
184
2046
1869
1515
81
809
1310
608
1254
605
1889
319
679
1319
577
399
705
75
318
1523
2102
1368
1091
2621
203
725
2061
810
1130
314
105
614
1940
1237
1369
1009
715
576
688
220
184
2046
1869
1515
81
809
1310
608
1254
605
1889
319
679
1319
577
399
705
75
318
1523
2102
1368
1091
2621
203
725
2061
810
1130
314
105
614
1940
1237
1369
1009
715
576
688
220
184
2046
1869
1515
81
809
1310
608
1254
605
1889
319
679
1319
577
399
705
75
318
1523
2102
1368
1091
2621
203
725
2061
810
1130
314
105
614
1940
1237
1369
1009
715
576
688
220
184
2046
1869
1515
81
809
1310
608
1254
605
1889
319
679
1319
577
399
142
4478
3179
204
2885
606
3803
4014
1641
920
2392
2002
4470
1329
5941
3487
380
794
6048
6950
715
576
688
220
184
2046
1869
1515
81
809
1310
608
1254
605
1889
319
679
1319
577
399
705
75
318
1523
2102
1368
1091
2621
203
725
2061
810
1130
314
105
614
1940
1237
1369
1009
715
576
688
220
184
2046
1869
1515
81
809
1310
608
1254
605
1889
319
679
1319
577
399
705
75
318
1523
2102
1368
1091
2621
203
725
2061
810
1130
314
105
614
1940
1237
1369
1009
715
576
688
220
184
2046
1869
1515
81
809
1310
608
1254
605
1889
319
679
1319
577
399
705
75
318
1523
2102
1368
1091
2621
203
725
2061
810
1130
314
105
614
1940
1237
1369
1009
715
576
688
220
184
2046
1869
1515
81
809
1310
608
1254
605
1889
319
679
1319
577
399
705
75
318
1523
2102
1368
1091
2621
203
725
2061
810
1130
314
105
614
1940
1237
1369
1009
715
576
688
220
184
2046
1869
1515
81
809
1310
608
1254
605
1889
319
679
1319
577
399
705
75
318
1523
2102
1368
1091
2621
203
725
2061
810
1130
314
105
614
1940
1237
1369
1009
715
576
688
220
184
2046
1869
1515
81
809
1310
608
1254
605
1889
319
679
1319
577
399
705
75
318
1523
2102
1368
1091
2621
203
725
2061
810
1130
314
105
614
1940
1237
1369
1009
715
576
688
220
184
2046
1869
1515
81
809
1310
608
1254
605
1889
319
679
1319
577
399
5506
3686
2860
214
5405
2103
1998
2001
608
3039
2161
2484
4760
1160
2012
23
1317
599
1991
271
715
576
688
220
184
2046
1869
1515
81
809
1310
608
1254
605
1889
319
679
1319
577
399
705
75
318
1523
2102
1368
1091
2621
203
725
2061
810
1130
314
105
614
1940
1237
1369
1009
715
576
688
220
184
2046
1869
1515
81
809
1310
608
1254
605
1889
319
679
1319
577
399
705
75
318
1523
2102
1368
1091
2621
203
725
2061
810
1130
314
105
614
1940
1237
1369
1009
715
576
688
220
184
2046
1869
1515
81
809
1310
608
1254
605
1889
319
679
1319
577
399
442
6506
697
4168
2324
6716
4859
5140
371
4113
4559
659
1189
4761
1120
5109
3325
1516
6949
2134
715
576
688
220
184
2046
1869
1515
81
809
1310
608
1254
605
1889
319
679
1319
577
399
4545
1192
792
515
203
583
4672
1302
4768
4450
5907
2365
4470
1365
664
3997
655
4318
7071
214
715
576
688
220
184
2046
1869
1515
81
809
1310
608
1254
605
1889
319
679
1319
577
399
705
75
318
1523
2102
1368
1091
2621
203
725
2061
810
1130
314
105
614
1940
1237
1369
1009
715
576
688
220
184
2046
1869
1515
81
809
1310
608
1254
605
1889
319
679
1319
577
399
705
75
318
1523
2102
1368
1091
2621
203
725
2061
810
1130
314
105
614
1940
1237
1369
1009